994,513,1099,608,0,1039,575
856,313,1004,446,0,886,413
