781,545,1047,787,18,960,661
838,419,1064,588,18,969,519
